-----Textures-----

#tilesheet
tilesheet_war.png

#playertexture
nakedHero.png

#matetexture
soldatFrancais40.png

#ennemytexture
soldatAllemand40.png

-----Map infos----- 

#mapsize
29 22

#playerspawn
420 360

#bossID
0

#nextmap
map_war.txt

-----Entities-----

#mate
100 420 240 0
Commencons l'aventure... Allons buter du nazi !

-----Tiles disposition-----

#tiles
1 1 1 1 1 1 1 1 1 1 1 1 1 1 1 1 1 1 1 1 1 1 1 1 1 1 1 1 1 1 1 1 1 1 1 1 1 1 1 1 1 1 1 1 1 1 1 1 1 1 1 1 1 1 1 1 1 1 1 1 1 1 1 1 1 1 1 1 1 1 1 1 1 1 1 1 1 1 1 1 1 1 1 1 1 1 1 1 1 1 1 1 1 1 1 1 1 7 7 7 7 7 7 7 1 1 1 1 1 1 1 1 1 1 1 1 1 1 1 1 1 1 1 1 7 7 7 7 7 7 7 7 7 7 7 1 1 1 1 1 1 1 1 1 1 1 1 1 1 1 1 1 1 7 6 6 6 6 6 6 6 6 6 6 6 1 1 1 1 1 1 1 1 1 1 1 1 1 1 1 1 7 7 6 5 5 5 5 5 5 5 5 5 6 1 1 1 1 1 1 1 1 1 1 1 1 1 1 1 1 7 7 6 5 5 5 5 5 5 5 5 5 6 1 1 1 1 1 1 1 1 1 1 1 1 1 1 1 1 7 7 6 5 5 5 5 5 5 5 5 5 6 7 1 1 1 1 1 1 1 1 1 1 1 1 1 1 1 7 7 6 5 5 5 5 5 5 5 5 5 6 7 1 1 1 1 1 1 1 1 1 1 1 1 1 1 7 7 7 6 5 5 5 5 5 5 5 5 5 6 7 1 1 1 1 1 1 1 1 1 1 1 1 1 1 7 7 7 6 5 5 5 5 5 5 5 5 7 6 1 1 7 1 1 1 1 1 1 1 1 1 1 1 1 7 7 7 6 5 5 5 5 5 5 5 7 7 6 7 7 7 1 1 1 1 1 1 1 1 1 1 1 1 7 7 7 6 5 5 5 5 5 5 5 7 7 6 7 7 7 1 1 1 1 1 1 1 1 1 1 1 1 7 7 7 6 5 5 5 5 5 5 5 7 7 6 7 7 7 1 1 1 1 1 1 1 1 1 1 1 1 1 1 7 6 6 6 6 6 6 6 6 6 6 6 7 7 7 1 1 1 1 1 1 1 1 1 1 1 1 1 1 1 7 7 7 7 7 7 7 7 7 7 7 7 7 7 1 1 1 1 1 1 1 1 1 1 1 1 1 1 1 1 1 7 7 7 7 7 7 1 1 1 1 1 1 1 1 1 1 1 1 1 1 1 1 1 1 1 1 1 1 1 1 1 1 1 1 1 1 1 1 1 1 1 1 1 1 1 1 1 1 1 1 1 1 1 1 1 1 1 1 1 1 1 1 1 1 1 1 1 1 1 1 1 1 1 1 1 1 1 1 1 1 1 1 1 1 1 1 1 1 1 1 1 1 1 1 1 1 1 1 1 1 1 1 1 1 1 1 1 1 1 1 1 1 1 1 1 1 1 1 1 1 1 1 1 1 1 1 1 1 1 1 1 1 1 1 
