-----Textures-----

#tilesheet
tilesheet_war.png

#playertexture
nakedHero.png

#matetexture
soldatFrancais40.png

#ennemytexture
soldatAllemand40.png

-----Map infos----- 

#mapsize
32 28

#playerspawn
360 420

-----Entities-----

#mate
100 510 300 0
je suis le prisonnier et on va dire que mon arme est dechargee
Florent Pany
#mate
100 450 420 1
Felicitations. Encore un bandit en moins ! Bon y'a pas de suite 20/20 ou cancer svp
Macouille
#mate
100 450 540 2
Le boss a perdu les clefs... on est bloques ici du coup deso
DILF

-----Tiles disposition-----

#tiles
2 2 2 2 5 5 5 2 2 2 2 2 2 2 2 2 2 2 2 2 2 5 5 5 2 2 2 2 2 2 2 2 2 2 2 2 5 5 5 2 2 2 2 2 2 2 2 2 2 2 2 2 2 5 5 5 2 2 2 2 2 2 2 2 2 2 2 2 5 5 5 2 2 2 2 2 2 2 2 2 2 2 2 2 2 5 5 5 2 2 2 2 2 2 2 2 2 2 2 2 5 5 5 2 2 2 2 2 2 2 2 2 2 2 2 2 2 5 5 5 2 2 2 2 2 2 2 2 2 2 2 2 5 5 5 2 2 2 2 2 2 2 2 2 2 2 2 2 2 5 5 5 2 2 2 2 2 2 2 2 5 5 5 5 5 5 5 5 5 5 5 5 5 5 5 5 5 5 5 5 5 5 5 5 5 5 5 5 5 5 5 5 5 5 5 5 5 5 5 5 5 5 5 5 5 5 5 5 5 5 5 5 5 5 5 5 5 5 5 5 5 5 5 5 5 5 5 5 5 5 5 5 5 5 5 5 5 5 5 5 5 5 5 5 5 5 5 5 5 5 5 5 5 5 5 5 2 2 2 2 5 5 5 6 6 6 6 6 6 6 6 6 6 6 6 6 6 5 5 5 2 2 2 2 2 2 2 2 2 2 2 2 5 5 5 6 4 4 4 4 4 4 4 4 4 4 4 4 6 5 5 5 2 2 2 2 2 2 2 2 2 2 2 2 5 5 5 6 4 4 4 4 4 4 4 4 4 4 4 4 6 5 5 5 2 2 2 2 2 2 2 2 2 2 2 2 5 5 5 6 0 0 0 0 0 0 0 0 0 0 0 0 6 5 5 5 2 2 2 2 2 2 2 2 2 2 2 2 5 5 5 6 8 8 8 8 8 8 8 8 8 8 8 8 6 5 5 5 2 2 2 2 2 2 2 2 2 2 2 2 5 5 5 6 5 5 5 5 5 8 8 5 5 5 5 5 6 5 5 5 2 2 2 2 2 2 2 2 2 2 2 2 5 5 5 6 5 5 5 5 5 8 8 5 5 5 5 5 6 5 5 5 2 2 2 2 2 2 2 2 2 2 2 2 5 5 5 6 5 5 5 5 5 8 8 5 5 5 5 5 6 5 5 5 2 2 2 2 2 2 2 2 2 2 2 2 5 5 5 6 5 5 5 5 5 8 8 5 5 5 5 5 6 5 5 5 2 2 2 2 2 2 2 2 2 2 2 2 5 5 5 6 5 5 5 5 5 8 8 5 5 5 5 5 6 5 5 5 2 2 2 2 2 2 2 2 2 2 2 2 5 5 5 6 5 5 5 5 5 8 8 5 5 5 5 5 6 5 5 5 2 2 2 2 2 2 2 2 2 2 2 2 5 5 5 6 6 6 6 6 6 0 0 6 6 6 6 6 6 5 5 5 2 2 2 2 2 2 2 2 5 5 5 5 5 5 5 5 5 5 5 5 5 5 5 5 5 5 5 5 5 5 5 5 5 5 5 5 5 5 5 5 5 5 5 5 5 5 5 5 5 5 5 5 5 5 5 5 5 5 5 5 5 5 5 5 5 5 5 5 5 5 5 5 5 5 5 5 5 5 5 5 5 5 5 5 5 5 5 5 5 5 5 5 5 5 5 5 5 5 5 5 5 5 5 5 2 2 2 2 5 5 5 2 2 2 2 2 2 2 2 2 2 2 2 2 2 5 5 5 2 2 2 2 2 2 2 2 2 2 2 2 5 5 5 2 2 2 2 2 2 2 2 2 2 2 2 2 2 5 5 5 2 2 2 2 2 2 2 2 2 2 2 2 5 5 5 2 2 2 2 2 2 2 2 2 2 2 2 2 2 5 5 5 2 2 2 2 2 2 2 2 2 2 2 2 5 5 5 2 2 2 2 2 2 2 2 2 2 2 2 2 2 5 5 5 2 2 2 2 2 2 2 2 2 2 2 2 5 5 5 2 2 2 2 2 2 2 2 2 2 2 2 2 2 5 5 5 2 2 2 2 2 2 2 2 
