-----Textures-----

#tilesheet
tilesheet_war.png

#matetexture
soldatFrancais40.png

#ennemytexture
soldatAllemand40.png

-----Map infos----- 

#mapsize
74 50

#playerspawn
690 720

#bossID
-1

#quest
quest-??.txt

-----Entities-----

#mate
100 420 750 0
Salut, je suis un mate.
#mate
100 390 870 1
Salut, je suis un mate.
#mate
100 540 930 2
Salut, je suis un mate.
#mate
100 810 870 3
Salut, je suis un mate.
#mate
100 600 570 4
Salut, je suis un mate.
#mate
100 450 570 5
Salut, je suis un mate.
#mate
100 750 450 6
Salut, je suis un mate.
#mate
100 900 570 7
Salut, je suis un mate.
#mate
100 930 1050 8
Salut, je suis un mate.
#mate
100 270 840 9
Salut, je suis un mate.
#ennemy
100 1710 480 10
#ennemy
100 1710 540 11
#ennemy
100 1890 570 12
#ennemy
100 2010 450 13
#ennemy
100 1890 750 14
#ennemy
100 1950 900 15
#ennemy
100 1860 1020 16
#ennemy
100 2040 1020 17
#ennemy
100 1800 690 18
#ennemy
100 1860 360 19
#ennemy
100 1620 600 20

-----Tiles disposition-----

#tiles
0 0 0 0 0 0 0 0 0 0 0 0 0 0 0 0 0 0 0 0 0 0 0 0 0 0 0 0 0 0 0 0 0 0 0 0 0 0 0 0 0 0 0 0 0 0 0 0 0 0 0 0 0 0 0 0 0 0 0 0 0 0 0 0 0 0 0 0 0 0 0 0 0 0 0 1 1 1 1 1 1 1 1 1 1 1 1 1 1 1 1 1 1 1 1 1 1 1 1 1 1 1 1 1 1 1 1 1 1 1 1 1 1 1 1 1 1 1 1 1 1 1 1 1 1 1 1 1 1 1 1 1 1 1 1 1 1 1 1 1 1 1 1 1 1 1 1 1 0 1 1 1 1 1 1 1 1 1 1 1 1 1 1 1 1 1 1 1 1 1 1 1 1 1 1 1 1 1 1 1 1 1 1 1 1 1 1 1 1 1 1 1 1 1 1 1 1 1 1 1 1 1 1 1 1 1 1 1 1 1 1 1 1 1 1 1 1 1 1 1 1 1 0 1 1 1 1 1 1 1 1 1 1 1 1 1 1 1 1 1 1 1 1 1 1 1 1 1 1 1 1 1 1 1 1 1 1 1 1 1 1 1 1 1 1 1 1 1 1 1 1 1 1 1 1 1 1 1 1 1 1 1 1 1 1 1 1 1 1 1 1 1 1 1 1 1 0 1 1 1 1 1 1 1 1 1 1 1 1 1 1 1 1 1 1 1 1 1 1 1 1 1 1 1 1 1 1 1 1 1 1 1 1 1 1 1 1 1 1 1 1 1 1 1 1 1 1 1 1 1 1 1 1 1 1 1 1 1 1 1 1 1 1 1 1 1 1 1 1 1 0 1 1 1 1 1 1 1 1 1 1 1 1 1 1 1 1 1 1 1 1 1 1 1 1 1 1 1 1 1 1 1 1 1 1 1 1 1 1 1 1 1 1 1 1 1 1 1 1 1 1 1 1 1 1 1 1 1 1 1 1 1 1 1 1 1 1 1 1 1 1 1 1 1 0 1 1 1 1 1 1 1 1 1 1 1 1 1 1 1 1 1 1 1 1 1 1 1 1 1 1 1 1 1 1 1 1 1 1 1 1 1 1 1 1 1 1 1 1 1 1 1 1 1 1 1 1 1 1 1 1 1 1 1 1 1 1 1 1 1 1 1 1 1 1 1 1 1 0 1 1 1 1 1 1 1 1 1 1 1 1 1 1 1 1 1 1 1 1 1 1 1 1 1 1 1 1 1 1 1 1 1 1 1 1 1 1 1 1 1 1 1 1 1 1 1 1 1 1 1 1 1 1 1 1 1 1 1 1 1 1 1 1 1 1 1 1 1 1 1 1 1 0 1 1 1 1 1 1 1 1 1 1 1 1 1 1 1 1 1 1 1 1 1 1 1 1 1 1 1 1 1 1 1 1 1 1 1 1 1 1 1 1 1 1 1 1 1 1 1 1 1 1 1 1 1 1 1 1 1 1 1 1 1 1 1 1 1 1 1 1 1 1 1 1 1 0 1 1 1 1 1 1 1 1 1 1 1 1 1 1 1 1 1 1 1 1 1 1 1 1 1 1 1 1 1 1 1 1 1 1 1 1 1 1 1 1 1 1 1 1 1 1 1 1 1 1 1 1 1 1 1 1 1 1 1 1 1 1 1 1 1 1 1 1 1 1 1 1 1 0 1 1 1 1 1 1 1 1 1 1 1 1 1 1 1 1 1 1 1 1 1 1 1 1 1 1 1 1 1 1 1 1 1 1 1 1 1 1 1 1 1 1 1 1 1 1 1 1 1 1 1 1 1 1 1 1 1 1 1 1 1 1 1 1 1 1 1 1 1 1 1 1 1 0 1 1 1 1 1 1 1 1 1 1 1 1 1 1 1 1 1 1 1 1 1 1 1 1 1 1 1 1 1 1 1 1 1 1 1 1 1 1 1 1 1 1 1 1 1 1 1 1 1 1 1 1 1 1 1 1 1 1 1 1 7 7 7 7 7 7 7 1 1 1 1 1 1 0 1 1 1 1 1 1 1 1 1 1 1 1 1 1 1 1 1 1 1 7 7 7 7 7 7 1 1 1 1 1 1 1 1 1 1 1 1 1 1 1 1 1 1 1 1 1 1 1 1 1 1 1 1 1 1 1 1 1 1 1 7 7 7 7 7 7 7 1 1 1 1 1 1 0 1 1 1 1 1 1 1 1 1 1 1 1 1 1 1 1 7 7 7 7 7 7 7 7 7 7 7 7 7 1 1 1 1 1 1 1 1 1 1 1 1 1 1 1 1 1 1 1 1 1 1 1 1 1 1 1 1 1 1 1 7 5 5 5 5 5 7 7 7 7 1 1 1 0 1 1 1 1 1 1 1 1 1 1 1 1 1 1 1 7 7 7 7 7 7 7 7 7 7 7 7 7 7 7 7 1 1 1 1 1 1 1 1 1 1 1 1 1 1 1 1 1 1 1 1 1 1 1 1 1 1 1 1 1 7 5 5 5 5 5 5 5 7 7 1 1 1 0 1 1 1 1 1 1 1 1 1 1 1 1 1 7 7 7 7 7 7 7 7 7 7 7 7 2 2 2 7 7 7 7 7 1 1 1 1 1 1 1 1 1 1 1 1 1 1 1 1 1 1 1 1 1 1 1 1 7 7 7 7 5 5 5 5 5 5 5 7 7 1 1 1 0 1 1 1 1 1 1 1 1 1 1 1 1 7 7 7 7 7 7 7 7 7 7 7 7 7 2 2 2 2 2 7 7 7 7 1 1 1 1 1 1 1 1 1 1 1 1 1 1 1 1 1 1 1 1 1 5 5 7 7 7 5 5 5 5 5 5 5 5 5 7 1 1 1 0 1 1 1 1 1 1 1 1 1 1 1 7 7 7 7 7 7 7 7 7 2 2 2 2 2 2 2 2 2 2 2 2 7 7 7 1 1 1 1 1 1 1 1 1 1 1 1 1 1 1 1 1 1 5 5 5 5 7 7 7 5 5 5 5 5 5 5 5 5 7 1 1 1 0 1 1 1 1 1 1 1 1 1 1 7 7 7 7 7 7 7 7 2 2 2 2 2 2 4 4 4 2 2 2 2 2 2 7 7 7 1 1 1 1 1 1 1 1 1 1 1 1 1 1 1 1 5 5 5 5 5 7 7 5 5 5 5 5 5 5 5 5 5 7 1 1 1 0 1 1 1 1 1 1 1 1 1 1 7 7 7 7 7 7 2 2 2 2 2 2 2 4 4 4 4 4 4 2 2 2 2 2 2 7 7 1 1 1 1 1 1 1 1 1 1 1 1 1 1 5 5 5 5 5 5 7 7 5 5 5 5 5 5 5 5 5 5 7 1 1 1 0 1 1 1 1 1 1 1 1 1 7 7 7 7 7 7 2 2 2 2 4 4 4 4 4 4 4 4 4 4 4 2 2 2 2 2 2 7 1 1 1 1 1 1 1 1 1 1 1 1 1 5 5 5 5 5 5 1 7 5 5 5 5 5 5 5 5 5 5 5 7 1 1 1 0 1 1 1 1 1 1 1 1 7 7 7 7 7 7 2 2 2 2 4 4 4 4 4 4 4 4 4 4 4 4 4 2 2 2 2 2 7 7 1 1 1 1 1 1 1 1 1 1 1 5 5 5 5 5 5 1 1 7 5 5 5 5 5 5 5 5 5 5 5 7 1 1 1 0 1 1 1 1 1 1 1 1 7 7 7 7 2 2 2 2 2 4 4 4 4 4 4 4 4 4 4 4 4 4 4 4 4 2 2 2 7 7 1 1 1 1 1 1 1 1 1 1 5 5 5 5 5 5 1 1 1 7 5 5 5 5 5 5 5 5 5 5 7 7 1 1 1 0 1 1 1 1 1 1 1 7 7 7 7 2 2 2 2 4 4 4 4 4 4 4 4 4 4 4 4 4 4 4 4 4 4 2 2 2 7 7 1 1 1 1 1 1 1 1 5 5 5 5 5 5 5 1 1 1 1 7 5 5 5 5 5 5 7 7 7 7 7 7 1 1 1 0 1 1 1 1 1 1 1 7 7 7 4 4 4 4 4 4 4 4 4 4 4 4 5 5 5 5 5 5 5 5 5 5 5 5 5 5 5 5 5 5 5 5 5 5 5 5 5 5 5 5 5 5 1 1 1 1 1 7 5 5 5 5 5 5 7 7 7 7 7 7 1 1 1 0 1 1 1 1 1 1 1 7 7 7 4 4 4 4 4 4 4 4 4 5 5 5 5 5 5 5 5 5 5 5 5 5 5 5 5 5 5 5 5 5 5 5 5 5 5 5 5 5 5 5 5 1 1 1 1 1 1 7 5 5 5 5 7 7 7 7 1 1 1 1 1 1 1 0 1 1 1 1 1 1 7 7 7 4 4 4 4 4 4 4 4 4 4 4 5 5 5 5 5 5 5 5 5 5 5 5 5 5 5 5 5 5 5 5 5 5 5 5 5 5 5 5 5 1 1 1 1 1 1 1 1 7 7 7 7 5 7 7 1 1 1 1 1 1 1 1 1 0 1 1 1 1 1 1 7 7 4 4 4 4 4 4 4 4 4 4 4 4 5 5 5 5 5 4 4 4 4 4 4 2 2 2 2 7 7 7 1 1 1 1 1 1 1 1 5 5 1 1 1 1 1 1 1 1 1 7 7 7 7 5 7 7 7 7 7 1 1 1 1 1 1 0 1 1 1 1 1 1 7 7 7 4 4 4 4 4 4 4 4 4 4 4 4 4 4 4 4 4 4 4 4 4 2 2 2 2 7 7 7 7 1 1 1 1 1 1 1 1 1 1 1 1 1 1 1 1 1 1 1 7 7 7 7 5 5 5 4 7 7 1 1 1 1 1 1 0 1 1 1 1 1 1 7 7 7 4 4 4 4 4 4 4 4 4 4 4 4 4 4 4 4 4 4 4 4 4 2 2 2 2 7 7 7 7 1 1 1 1 1 1 1 1 1 1 1 1 1 1 1 1 1 1 1 1 1 1 7 5 5 5 4 4 7 1 1 1 1 1 1 0 1 1 1 1 1 1 7 7 7 4 4 4 4 4 4 4 4 4 4 4 4 4 4 4 4 4 4 4 2 2 2 2 2 7 7 7 7 1 1 1 1 1 1 1 1 1 1 1 1 1 1 1 1 1 1 1 1 1 1 1 7 4 4 4 4 4 7 7 7 1 1 1 1 0 1 1 1 1 1 1 7 7 7 7 4 4 4 4 4 4 4 4 4 4 4 4 4 4 4 4 4 2 2 2 2 2 2 7 7 7 1 1 1 1 1 1 1 1 1 1 1 1 1 1 1 1 1 1 1 1 1 7 7 7 7 4 4 4 4 4 4 7 7 1 1 1 1 0 1 1 1 1 1 1 1 7 7 7 4 4 4 4 4 4 4 4 4 4 4 2 2 2 4 4 2 2 2 2 2 2 2 7 7 7 1 1 1 1 1 1 1 1 1 1 1 1 1 1 1 1 1 1 1 1 1 7 4 4 4 4 4 4 4 4 4 4 7 1 1 1 1 0 1 1 1 1 1 1 1 7 7 7 4 4 4 4 4 4 4 4 4 4 4 2 2 2 2 2 2 2 2 2 2 2 7 7 7 1 1 1 1 1 1 1 1 1 1 1 1 1 1 1 1 1 1 1 1 1 1 7 4 4 4 4 4 4 4 4 4 4 7 1 1 1 1 0 1 1 1 1 1 1 1 1 7 7 7 7 4 4 4 4 4 4 4 2 2 2 2 2 2 2 2 2 2 2 2 7 7 7 1 1 1 1 1 1 1 1 1 1 1 1 1 1 1 1 1 1 1 1 1 1 1 7 7 4 4 4 4 4 7 7 7 7 7 1 1 1 1 0 1 1 1 1 1 1 1 1 1 7 7 7 7 7 7 2 2 2 2 2 2 2 2 2 2 2 2 2 2 2 7 7 7 7 1 1 1 1 1 1 1 1 1 1 1 1 1 1 1 1 1 1 1 1 1 1 1 7 7 4 4 4 7 7 7 7 7 7 7 1 1 1 1 0 1 1 1 1 1 1 1 1 1 1 7 7 7 7 7 7 7 7 7 7 2 2 2 2 2 2 2 2 7 7 7 7 1 1 1 1 1 1 1 1 1 1 1 1 1 1 1 1 1 1 1 1 1 1 1 1 1 7 7 4 4 7 7 7 7 7 7 7 7 1 1 1 1 0 1 1 1 1 1 1 1 1 1 1 1 1 1 7 7 7 7 7 7 7 7 7 7 7 7 7 7 7 7 7 7 1 1 1 1 1 1 1 1 1 1 1 1 1 1 1 1 1 1 1 1 1 1 1 1 1 1 7 7 7 7 7 7 7 1 1 1 1 1 1 1 1 1 0 1 1 1 1 1 1 1 1 1 1 1 1 1 1 1 1 1 1 1 1 1 1 7 7 7 7 7 7 7 7 7 1 1 1 1 1 1 1 1 1 1 1 1 1 1 1 1 1 1 1 1 1 1 1 1 1 1 1 1 1 1 1 1 1 1 1 1 1 1 1 1 1 1 0 1 1 1 1 1 1 1 1 1 1 1 1 1 1 1 1 1 1 1 1 1 1 1 1 1 1 1 1 1 1 1 1 1 1 1 1 1 1 1 1 1 1 1 1 1 1 1 1 1 1 1 1 1 1 1 1 1 1 1 1 1 1 1 1 1 1 1 1 1 1 1 1 1 0 1 1 1 1 1 1 1 1 1 1 1 1 1 1 1 1 1 1 1 1 1 1 1 1 1 1 1 1 1 1 1 1 1 1 1 1 1 1 1 1 1 1 1 1 1 1 1 1 1 1 1 1 1 1 1 1 1 1 1 1 1 1 1 1 1 1 1 1 1 1 1 1 1 0 1 1 1 1 1 1 1 1 1 1 1 1 1 1 1 1 1 1 1 1 1 1 1 1 1 1 1 1 1 1 1 1 1 1 1 1 1 1 1 1 1 1 1 1 1 1 1 1 1 1 1 1 1 1 1 1 1 1 1 1 1 1 1 1 1 1 1 1 1 1 1 1 1 0 1 1 1 1 1 1 1 1 1 1 1 1 1 1 1 1 1 1 1 1 1 1 1 1 1 1 1 1 1 1 1 1 1 1 1 1 1 1 1 1 1 1 1 1 1 1 1 1 1 1 1 1 1 1 1 1 1 1 1 1 1 1 1 1 1 1 1 1 1 1 1 1 1 0 1 1 1 1 1 1 1 1 1 1 1 1 1 1 1 1 1 1 1 1 1 1 1 1 1 1 1 1 1 1 1 1 1 1 1 1 1 1 1 1 1 1 1 1 1 1 1 1 1 1 1 1 1 1 1 1 1 1 1 1 1 1 1 1 1 1 1 1 1 1 1 1 1 0 1 1 1 1 1 1 1 1 1 1 1 1 1 1 1 1 1 1 1 1 1 1 1 1 1 1 1 1 1 1 1 1 1 1 1 1 1 1 1 1 1 1 1 1 1 1 1 1 1 1 1 1 1 1 1 1 1 1 1 1 1 1 1 1 1 1 1 1 1 1 1 1 1 0 1 1 1 1 1 1 1 1 1 1 1 1 1 1 1 1 1 1 1 1 1 1 1 1 1 1 1 1 1 1 1 1 1 1 1 1 1 1 1 1 1 1 1 1 1 1 1 1 1 1 1 1 1 1 1 1 1 1 1 1 1 1 1 1 1 1 1 1 1 1 1 1 1 0 1 1 1 1 1 1 1 1 1 1 1 1 1 1 1 1 1 1 1 1 1 1 1 1 1 1 1 1 1 1 1 1 1 1 1 1 1 1 1 1 1 1 1 1 1 1 1 1 1 1 1 1 1 1 1 1 1 1 1 1 1 1 1 1 1 1 1 1 1 1 1 1 1 0 1 1 1 1 1 1 1 1 1 1 1 1 1 1 1 1 1 1 1 1 1 1 1 1 1 1 1 1 1 1 1 1 1 1 1 1 1 1 1 1 1 1 1 1 1 1 1 1 1 1 1 1 1 1 1 1 1 1 1 1 1 1 1 1 1 1 1 1 1 1 1 1 1 0 1 1 1 1 1 1 1 1 1 1 1 1 1 1 1 1 1 1 1 1 1 1 1 1 1 1 1 1 1 1 1 1 1 1 1 1 1 1 1 1 1 1 1 1 1 1 1 1 1 1 1 1 1 1 1 1 1 1 1 1 1 1 1 1 1 1 1 1 1 1 1 1 1 0 1 1 1 1 1 1 1 1 1 1 1 1 1 1 1 1 1 1 1 1 1 1 1 1 1 1 1 1 1 1 1 1 1 1 1 1 1 1 1 1 1 1 1 1 1 1 1 1 1 1 1 1 1 1 1 1 1 1 1 1 1 1 1 1 1 1 1 1 1 1 1 1 1 
