-----Textures-----

#tilesheet
tilesheet_war.png

#playertexture
soldatFrancais40.png

#matetexture
soldatFrancais40.png

#ennemytexture
soldatAllemand40.png

-----Map infos-----

#mapsize
90 85

#playerspawn
630 450

#bossID
-1

#nextmap
map_fin.txt

#quest
p

-----Entities-----

#mate
100 630 540 -1
Salut, je suis un mate
#ennemy
100 1620 750 -1
#ennemy
100 1590 1080 -1
#ennemy
100 1320 1200 -1
#ennemy
100 1170 1410 -1
#ennemy
100 810 1470 -1
#ennemy
100 600 1290 -1
#ennemy
100 240 960 -1
#ennemy
100 390 1290 -1
#ennemy
100 450 1290 -1
#ennemy
100 390 1830 -1
#ennemy
100 690 1950 -1
#ennemy
100 1290 1950 -1
#mate
100 1800 1740 -1
Salut, je suis un mate
#ennemy
100 780 450 0
#ennemy
100 820 390 1

-----Objects-----

#gun
mp40 630 620
#gun
mp40 240 960
#gun
mp40 240 1000
#medkit
500 1300

-----Tiles disposition-----

#tiles
0 0 0 0 0 0 0 0 0 0 0 0 0 0 0 0 0 0 0 0 0 0 0 0 0 0 0 0 0 0 0 0 0 0 0 0 0 0 0 0 0 0 0 0 0 0 0 0 0 0 0 0 0 0 0 0 0 0 0 0 0 0 0 0 0 0 0 0 0 0 0 0 0 0 0 0 0 0 0 0 0 0 0 0 0 0 0 0 0 0 0 1 1 1 1 1 1 1 1 1 1 1 1 1 1 1 1 1 1 1 1 1 1 1 1 1 1 1 1 1 1 1 1 1 1 1 1 1 1 1 1 1 1 1 1 1 1 1 1 1 1 1 1 1 1 1 1 1 1 1 1 1 1 1 1 1 1 1 1 1 1 1 1 1 1 1 1 1 1 1 1 1 1 1 1 1 1 1 1 0 0 1 1 1 1 1 1 1 1 1 1 1 1 1 1 1 1 1 1 1 1 1 6 6 6 6 6 6 6 6 6 6 6 6 6 6 6 6 6 6 6 6 6 6 6 6 6 1 1 1 1 1 1 1 1 1 1 1 1 1 1 1 1 1 1 1 1 1 1 1 1 1 1 1 1 1 1 1 1 1 1 1 1 1 1 1 1 1 1 0 0 1 1 1 1 1 1 1 1 1 1 1 1 1 1 1 1 6 6 6 6 6 6 6 6 6 6 6 6 6 6 6 6 6 6 6 6 6 6 6 6 6 6 6 6 6 6 6 6 6 1 1 1 1 1 1 1 1 1 1 1 1 1 1 1 1 1 1 1 1 1 1 1 1 1 1 1 1 1 1 1 1 1 1 1 1 1 1 1 0 0 1 1 1 1 1 1 1 1 1 1 1 1 1 1 6 6 6 6 6 6 6 6 6 6 6 6 6 6 6 6 6 6 6 6 6 6 6 6 6 6 6 6 6 6 6 6 6 6 6 6 6 1 1 1 1 1 1 1 1 1 1 1 1 1 1 1 1 1 1 1 1 1 1 1 1 1 1 1 1 1 1 1 1 1 1 1 1 1 0 0 1 1 1 1 1 1 1 1 1 1 1 1 1 6 6 6 6 6 6 6 6 6 6 6 2 2 2 2 2 2 2 2 2 2 2 2 2 2 2 2 2 2 2 2 6 6 6 6 6 6 6 6 6 1 1 1 1 1 1 1 1 1 1 1 1 1 1 1 1 1 1 1 1 1 1 1 1 1 1 1 1 1 1 1 1 1 1 1 0 0 1 1 1 1 1 1 1 1 1 1 1 1 1 6 6 6 6 6 6 2 2 2 2 2 2 2 2 2 2 2 2 2 2 2 2 2 2 2 2 2 2 2 2 2 2 2 6 6 6 6 6 6 6 6 6 6 1 1 1 1 1 1 1 1 1 1 1 1 1 1 1 1 1 1 1 1 1 1 1 1 1 1 1 1 1 1 1 1 0 0 1 1 1 1 1 1 1 1 1 1 1 1 1 6 6 6 6 2 2 2 2 2 2 2 2 2 2 2 2 2 2 2 2 2 2 2 2 2 2 2 2 2 2 2 2 2 2 2 6 6 6 6 6 6 6 6 6 6 6 6 1 1 1 1 1 1 1 1 1 1 1 1 1 1 1 1 1 1 1 1 1 1 1 1 1 1 1 1 0 0 1 1 1 1 1 1 1 1 1 1 1 1 1 6 6 6 6 2 2 2 2 2 2 2 2 2 2 2 2 2 2 2 2 2 2 2 2 2 2 2 2 2 2 2 2 2 2 2 2 2 6 6 6 6 6 6 6 6 6 6 6 1 1 1 1 1 1 1 1 1 1 1 1 1 1 1 1 1 1 1 1 1 1 1 1 1 1 1 0 0 1 1 1 1 1 1 1 1 1 1 1 1 1 6 6 6 6 2 2 2 2 2 2 2 2 2 2 2 2 2 2 2 4 4 4 4 4 4 4 4 2 2 2 2 2 2 2 2 2 2 2 2 2 6 6 6 6 6 6 6 6 1 1 1 1 1 1 1 1 1 1 1 1 1 1 1 1 1 1 1 1 1 1 1 1 1 1 1 0 0 1 1 1 1 1 1 1 1 1 1 1 1 1 6 6 6 6 2 2 2 2 2 2 2 4 4 4 4 4 4 4 4 4 4 5 4 4 4 4 4 4 4 2 2 2 2 2 2 2 2 2 2 2 2 2 2 6 6 6 6 6 6 1 1 1 1 1 1 1 1 1 1 1 1 1 1 1 1 1 1 1 1 1 1 1 1 1 1 0 0 1 1 1 1 1 1 1 1 1 1 1 1 1 6 6 6 6 6 6 6 6 6 6 6 6 4 4 4 4 4 4 4 4 4 4 4 4 4 4 4 5 5 4 4 4 2 2 2 2 2 2 2 2 2 2 2 2 6 6 6 6 6 6 1 1 1 1 1 1 1 1 1 1 1 1 1 1 1 1 1 1 1 1 1 1 1 1 1 0 0 1 1 1 1 1 1 1 1 1 1 1 1 1 1 1 1 6 6 6 6 6 6 6 6 6 4 4 4 4 4 4 5 5 4 2 2 2 2 4 4 4 5 5 4 4 2 2 2 2 2 2 2 2 2 2 2 2 2 6 6 6 6 6 6 1 1 1 1 1 1 1 1 1 1 1 1 1 1 1 1 1 1 1 1 1 1 1 1 0 0 1 1 1 1 1 1 1 1 1 1 1 1 1 1 1 1 6 6 5 5 5 5 5 6 6 4 4 2 4 4 2 5 2 2 2 2 2 2 2 4 4 4 4 4 4 2 2 2 2 2 2 2 2 2 2 2 2 2 2 6 6 6 6 6 6 1 1 1 1 1 1 1 1 1 1 1 1 1 1 1 1 1 1 1 1 1 1 1 0 0 1 1 1 1 1 1 1 1 1 1 1 1 1 1 1 1 6 6 5 5 5 5 5 6 6 4 5 4 5 4 4 4 4 2 2 2 2 2 2 4 4 4 4 4 4 2 2 2 2 2 2 2 2 2 2 2 2 2 2 2 6 6 6 6 6 6 1 1 1 1 1 1 1 1 1 1 1 1 1 1 1 1 1 1 1 1 1 1 0 0 1 1 1 1 1 1 1 1 1 1 1 1 1 1 1 1 6 6 5 5 5 5 5 6 6 4 5 6 5 4 4 4 4 4 2 2 2 2 2 4 4 4 4 5 4 2 2 2 2 2 2 2 2 2 2 2 2 2 2 2 2 6 6 6 6 6 1 1 1 1 1 1 1 1 1 1 1 1 1 1 1 1 1 1 1 1 1 1 0 0 1 1 1 1 1 1 1 1 1 1 1 1 1 1 1 1 6 6 5 5 5 5 5 6 6 4 5 5 5 4 4 4 4 4 4 4 2 2 2 4 4 4 4 5 4 2 2 2 2 2 2 2 4 4 4 2 2 2 2 2 2 2 6 6 6 6 6 1 1 1 1 1 1 1 1 1 1 1 1 1 1 1 1 1 1 1 1 1 0 0 7 7 7 1 1 1 1 1 1 1 1 1 1 1 1 1 6 6 5 5 5 5 5 6 6 6 4 5 4 5 5 5 2 4 6 4 2 2 2 2 2 2 4 5 4 4 2 2 4 4 4 2 4 4 4 2 2 2 2 2 2 2 2 6 6 6 6 1 1 1 1 1 1 1 1 1 1 1 1 1 1 1 1 1 1 1 1 1 0 0 7 7 7 7 1 1 1 1 1 1 1 1 1 1 1 1 6 6 6 5 5 5 6 6 6 4 6 5 2 4 4 4 5 5 4 4 2 2 2 2 2 2 4 5 4 4 2 4 4 4 4 2 4 4 4 2 2 2 2 2 2 2 2 6 6 6 6 1 1 1 1 1 1 1 1 1 1 1 1 1 1 1 1 1 1 1 1 1 0 0 7 7 7 7 1 1 1 1 1 1 1 1 1 1 1 1 6 6 6 5 5 5 6 6 6 5 5 5 5 5 5 5 4 4 4 4 2 2 2 2 2 2 4 5 4 4 2 4 4 4 4 4 4 4 4 2 2 2 2 2 2 2 2 2 6 6 6 6 1 1 1 1 1 1 1 1 1 1 1 1 1 1 1 1 1 1 1 1 0 0 7 7 7 7 7 7 7 1 1 1 1 1 1 1 1 7 7 6 6 5 5 5 5 5 5 5 5 5 5 5 5 4 6 6 4 2 2 2 2 2 2 2 2 5 4 4 2 4 4 4 4 4 4 4 4 2 2 2 2 2 2 2 2 2 6 6 6 6 1 1 1 1 1 1 1 1 1 1 1 1 1 1 1 1 1 1 1 1 0 0 7 7 7 7 7 7 7 7 7 7 1 1 1 7 7 7 7 6 6 5 5 5 5 5 5 5 5 5 5 5 4 6 6 4 2 2 2 2 2 2 2 2 2 5 5 4 2 2 4 4 4 4 4 2 2 2 2 2 2 2 2 2 2 2 6 6 6 6 1 1 1 1 1 1 1 1 1 1 1 1 1 1 1 1 1 1 1 1 0 0 7 7 7 7 7 7 7 7 7 7 7 7 7 7 7 7 7 6 6 5 5 5 5 5 5 5 5 5 5 5 4 6 6 2 2 2 2 2 2 2 2 2 2 4 5 4 2 2 2 2 4 4 4 4 4 4 2 2 2 2 2 2 2 2 6 6 6 6 1 1 1 1 1 1 1 1 1 1 1 1 1 1 1 1 1 1 1 1 0 0 7 7 7 7 7 7 7 7 7 7 7 7 7 7 7 7 7 6 6 6 6 6 6 6 6 6 6 6 6 6 6 6 6 2 2 2 2 2 2 2 2 2 2 4 4 4 2 2 2 4 4 4 4 4 4 4 2 2 2 2 2 2 2 2 6 6 6 6 1 1 1 1 1 1 1 1 1 1 1 1 1 1 1 1 1 1 1 1 0 0 7 7 7 7 7 7 7 7 7 7 7 7 7 7 7 7 7 6 6 6 6 6 6 6 6 6 6 6 6 6 6 6 6 2 2 2 2 2 2 2 2 2 2 4 5 4 2 2 2 4 4 4 4 4 4 4 4 2 2 2 2 2 2 2 6 6 6 6 1 1 1 1 1 1 1 1 1 1 1 1 1 1 1 1 1 1 1 1 0 0 7 7 7 7 7 7 7 7 7 7 7 7 7 7 7 7 7 7 7 7 2 2 2 2 2 2 2 2 2 2 2 2 2 2 2 2 2 2 2 2 2 2 2 4 5 5 2 2 2 4 4 4 4 4 4 4 4 2 2 2 2 2 2 2 6 6 6 1 1 1 1 1 1 1 1 1 1 1 1 1 1 1 1 1 1 1 1 1 0 0 7 7 7 7 7 7 7 7 7 7 7 7 7 7 7 7 7 7 7 7 2 2 2 2 2 2 2 2 2 2 2 2 2 4 4 4 2 2 2 2 2 2 2 4 5 5 2 2 2 2 2 2 4 4 4 4 4 2 2 2 2 2 2 2 6 6 6 1 1 1 1 1 1 1 1 1 1 1 1 1 1 1 1 1 1 1 1 1 0 0 7 7 7 7 7 7 7 7 7 7 7 7 7 7 7 2 2 2 2 2 2 2 2 2 2 2 2 2 2 2 2 2 2 4 4 4 2 2 4 4 4 2 2 4 5 4 5 2 2 2 2 2 2 4 4 4 4 2 2 2 2 2 2 2 6 6 6 1 1 1 1 1 1 1 1 1 1 1 1 1 1 1 1 1 1 1 1 1 0 0 7 7 7 7 7 7 7 7 7 7 7 7 7 2 2 2 2 2 2 2 2 2 2 2 2 2 2 2 2 2 2 2 2 4 4 4 2 4 4 4 4 2 4 4 5 4 5 4 4 2 2 4 4 4 4 4 4 2 2 2 2 2 2 2 6 6 6 1 1 1 1 1 1 1 1 1 1 1 1 1 1 1 1 1 1 1 1 1 0 0 7 7 7 7 6 6 6 6 6 6 4 4 4 4 4 2 2 2 2 2 2 2 2 2 2 2 2 2 2 2 2 2 2 2 2 2 2 4 4 4 4 4 4 4 4 4 5 5 4 2 2 4 4 4 4 2 2 2 2 2 2 2 2 2 6 6 6 6 1 1 1 1 1 1 1 1 1 1 1 1 1 1 1 1 1 1 1 1 0 0 7 7 7 7 6 4 4 4 4 6 4 4 4 4 4 4 4 2 2 2 2 2 2 2 2 2 2 2 2 2 2 2 2 2 2 4 4 4 4 4 4 4 4 4 4 4 4 5 4 2 2 4 4 4 4 2 2 2 2 2 2 2 2 2 6 6 6 6 6 1 1 1 1 1 1 1 1 1 1 1 1 1 1 1 1 1 1 1 0 0 7 7 7 7 6 4 4 4 4 4 5 4 4 4 4 4 4 4 4 4 5 2 2 2 2 2 2 2 2 2 2 2 2 2 2 4 4 4 4 4 4 4 4 4 4 4 4 5 4 4 2 2 4 4 4 4 4 4 2 2 2 2 2 2 6 6 6 6 6 6 6 1 1 1 1 1 1 1 1 1 1 1 1 1 1 1 1 1 0 0 7 7 7 7 6 4 4 4 4 4 4 5 5 5 5 5 4 4 5 5 5 4 4 5 2 2 2 2 2 2 2 2 2 2 2 4 4 4 2 2 2 4 4 4 4 4 4 4 4 4 2 2 2 2 2 4 4 4 2 2 2 2 2 2 2 6 6 6 6 6 6 1 1 1 1 1 1 1 1 1 1 1 1 1 1 1 1 1 0 0 7 7 7 7 6 4 4 4 4 6 4 4 4 4 4 4 4 4 5 5 4 4 4 4 4 4 4 4 2 2 2 2 2 2 4 4 4 2 2 2 2 2 4 4 4 4 4 4 4 4 2 2 2 4 4 4 4 4 4 2 2 2 2 2 2 2 6 6 6 6 6 1 1 1 1 1 1 1 1 1 1 1 1 1 1 1 1 1 0 0 7 7 7 7 6 4 4 4 4 6 4 2 2 2 2 2 2 2 4 4 4 4 4 4 5 4 4 4 4 2 2 2 2 4 4 4 4 2 2 2 2 2 5 5 4 4 4 4 2 2 2 2 2 4 4 4 4 4 4 2 2 2 2 2 2 2 2 2 6 6 6 6 1 1 1 1 1 1 1 1 1 1 1 1 1 1 1 1 0 0 7 7 7 7 6 6 6 6 6 6 2 2 2 2 2 2 2 2 2 2 2 2 4 4 4 5 4 4 4 4 4 4 4 4 4 4 4 2 2 2 2 4 5 4 4 4 2 2 2 2 2 2 2 4 4 4 4 4 4 2 2 2 2 2 2 2 2 2 6 6 6 6 1 1 1 1 1 1 1 1 1 1 1 1 1 1 1 1 0 0 7 7 7 7 7 7 7 2 2 2 2 2 2 2 2 2 2 2 2 2 2 2 2 2 2 4 5 5 4 4 5 4 4 4 4 4 2 2 2 2 4 4 4 4 4 2 2 2 2 2 2 2 2 2 2 2 2 2 2 2 2 2 2 2 2 2 2 2 6 6 6 6 1 1 1 1 1 1 1 1 1 1 1 1 1 1 1 1 0 0 7 7 7 7 7 7 7 2 2 2 2 2 2 2 2 2 2 2 2 2 2 2 2 2 2 2 2 5 4 4 4 4 4 4 2 2 2 2 2 4 4 4 4 4 2 2 2 2 2 2 2 2 2 2 2 2 2 2 2 2 2 2 2 2 2 2 2 2 2 6 6 6 1 1 1 1 1 1 1 1 1 1 1 1 1 1 1 1 0 0 1 7 7 7 7 7 7 2 2 2 2 2 2 2 2 2 2 2 2 2 2 2 2 2 2 2 2 2 4 4 4 4 4 2 2 2 2 2 2 4 5 5 4 4 2 2 2 2 2 2 2 2 2 2 2 4 4 4 4 4 4 2 2 2 2 2 2 2 2 6 6 6 1 1 1 1 1 1 1 1 1 1 1 1 1 1 1 1 0 0 1 1 7 7 7 7 7 7 2 2 2 2 2 2 2 2 2 2 2 2 2 2 2 2 2 2 2 2 4 4 4 4 4 4 4 2 2 2 4 5 5 4 4 2 2 2 2 2 2 2 2 2 2 2 2 4 4 4 4 4 4 2 2 2 2 2 2 2 2 6 6 6 1 1 1 1 1 1 1 1 1 1 1 1 1 1 1 1 0 0 1 7 7 7 7 7 7 7 7 2 2 2 2 2 2 2 2 2 2 2 2 2 2 2 2 2 2 2 2 2 2 4 4 4 4 4 2 4 5 4 4 4 2 2 2 2 2 2 2 2 2 2 2 2 4 4 4 4 4 4 4 2 2 2 2 2 2 2 2 6 6 6 1 1 1 1 1 1 1 1 1 1 1 1 1 1 1 1 0 0 1 1 1 7 7 7 7 7 7 7 7 2 2 2 2 2 2 2 2 2 2 2 2 2 2 2 2 2 2 2 2 4 4 4 4 4 4 5 4 4 4 4 2 2 2 2 2 2 2 2 2 2 4 4 4 4 4 2 2 2 2 2 2 2 2 2 2 2 2 6 6 6 1 1 1 1 1 1 1 1 1 1 1 1 1 1 1 1 0 0 1 1 1 1 7 7 7 7 7 7 7 2 2 2 2 2 2 2 2 2 2 4 4 4 4 4 4 2 2 2 2 2 2 4 5 4 5 4 4 4 4 2 2 4 4 4 2 2 2 2 2 2 4 4 4 4 4 2 2 2 2 2 2 2 2 2 2 2 2 6 6 6 1 1 1 1 1 1 1 1 1 1 1 1 1 1 1 1 0 0 1 1 1 1 1 7 7 7 7 7 7 2 2 5 5 5 5 5 4 4 5 5 5 4 4 4 4 4 5 5 4 4 4 5 4 5 4 4 4 4 2 2 2 4 4 4 2 2 2 2 2 2 4 4 4 4 2 2 2 2 2 2 2 2 2 2 2 2 6 6 6 6 1 1 1 1 1 1 1 1 1 1 1 1 1 1 1 1 0 0 1 1 1 1 7 7 7 7 7 7 7 5 5 5 5 5 5 4 4 4 4 5 4 4 4 4 4 4 4 4 4 4 4 4 5 4 4 4 4 4 2 2 2 4 4 4 2 2 2 2 2 2 2 2 2 2 2 2 2 2 2 2 2 2 2 2 2 6 6 6 6 6 1 1 1 1 1 1 1 1 1 1 1 1 1 1 1 1 0 0 1 1 1 7 7 7 7 7 7 7 5 5 5 5 5 5 5 4 4 4 4 4 4 2 2 4 4 4 5 4 4 4 4 5 5 4 4 4 4 2 2 2 4 4 4 4 2 2 2 2 2 2 2 2 2 2 2 2 2 2 2 2 2 2 2 2 2 6 6 6 6 6 1 1 1 1 1 1 1 1 1 1 1 1 1 1 1 1 0 0 1 1 1 7 7 7 7 7 6 6 6 5 5 5 5 6 6 6 4 4 2 2 2 2 2 2 2 2 5 5 4 4 4 5 4 4 2 2 2 2 2 2 4 4 4 4 2 2 2 2 2 2 2 2 2 2 2 2 2 2 2 2 2 2 2 2 2 6 6 6 6 1 1 1 1 1 1 1 1 1 1 1 1 1 1 1 1 1 0 0 1 1 1 7 6 6 6 6 6 6 6 5 5 5 5 6 6 6 6 6 2 2 2 2 2 2 2 2 2 2 2 2 2 2 2 2 2 2 2 2 2 4 4 4 4 4 2 2 2 2 2 2 2 2 2 2 2 2 2 2 2 2 2 2 2 2 6 6 6 6 7 7 7 7 1 1 1 1 1 1 1 1 1 1 1 1 1 1 0 0 1 1 1 7 6 3 3 3 3 3 6 5 5 5 5 6 3 3 3 6 2 2 2 2 2 2 2 2 2 2 2 2 2 2 2 2 2 2 2 2 4 4 4 4 4 2 2 2 2 2 2 2 2 2 2 2 2 2 2 2 2 2 2 2 2 6 6 6 6 6 7 7 7 7 7 1 1 1 1 1 1 1 1 1 1 1 1 1 0 0 1 1 1 1 6 3 3 3 3 3 6 5 5 5 5 6 3 3 3 6 2 2 2 2 2 2 2 2 2 2 2 2 2 2 2 2 2 2 4 4 4 4 4 4 2 2 2 2 2 2 4 4 4 2 2 2 2 2 2 2 2 2 2 2 6 6 6 6 6 6 7 7 7 7 7 7 7 1 1 1 1 1 1 1 1 1 1 1 0 0 1 1 1 1 6 3 3 3 3 3 6 5 5 5 5 6 3 3 3 6 2 2 2 2 2 2 2 2 2 2 2 2 2 2 2 2 4 4 4 4 4 4 4 2 2 2 2 2 2 2 4 4 4 2 2 2 2 2 2 2 2 2 2 2 6 6 6 6 6 4 7 7 7 7 7 7 7 7 7 1 1 1 1 1 1 1 1 1 0 0 1 1 1 1 6 3 3 3 3 3 6 5 5 5 5 6 3 3 3 6 2 2 2 2 2 2 2 2 2 2 2 2 2 4 4 4 4 4 4 4 4 2 2 2 2 2 2 4 4 4 4 6 6 6 2 2 2 2 2 2 2 2 2 2 6 6 6 6 4 4 4 4 4 4 7 4 4 4 7 7 1 1 1 1 1 1 1 1 0 0 1 1 1 1 6 3 3 3 3 3 6 5 5 5 5 6 3 3 3 6 2 2 2 2 2 2 2 2 2 2 2 2 2 4 4 4 4 4 4 2 2 2 2 4 4 4 4 4 4 4 2 6 6 6 2 2 2 2 2 2 2 2 2 2 6 6 6 4 4 4 4 4 4 4 7 4 4 4 7 7 1 1 1 1 1 1 1 1 0 0 1 1 1 1 6 6 6 6 6 6 6 5 5 5 5 6 6 6 6 6 2 2 2 2 2 2 2 2 2 2 2 2 2 4 4 4 4 4 2 2 2 2 2 4 4 4 4 4 4 4 2 6 6 6 2 2 2 2 2 2 2 2 2 2 6 6 6 4 4 4 4 4 4 4 1 4 4 4 7 7 7 7 7 1 1 1 1 1 0 0 1 1 1 1 6 5 5 5 5 5 5 5 5 5 5 5 5 5 5 6 2 2 2 2 2 2 2 2 2 2 2 4 4 4 4 4 4 2 2 2 4 4 4 4 4 4 4 4 4 2 2 6 6 6 2 2 2 2 2 2 2 2 2 2 6 6 6 4 4 4 2 2 2 2 2 2 4 4 4 7 7 7 7 1 1 1 1 1 0 0 1 1 1 1 6 5 5 5 5 5 5 5 5 5 5 5 5 5 5 6 2 2 2 2 2 2 2 2 2 2 2 4 4 4 2 2 2 2 4 4 4 4 4 2 2 2 2 2 2 2 2 6 6 6 2 2 2 2 2 3 2 2 2 2 6 6 6 4 4 4 2 2 4 4 4 4 4 4 4 7 7 7 7 1 1 1 1 1 0 0 1 1 1 1 6 5 5 5 5 5 5 5 5 5 5 5 5 5 5 6 2 2 2 2 2 2 2 4 4 4 4 4 4 4 2 2 2 2 4 4 4 4 4 2 2 2 2 2 2 2 2 6 6 6 2 2 2 2 2 2 2 2 2 2 6 6 6 4 4 4 2 2 4 4 4 4 4 4 4 7 7 7 7 1 1 1 1 1 0 0 1 1 1 1 6 5 5 5 5 5 5 5 5 5 5 5 5 5 5 6 2 2 2 2 2 2 2 4 4 4 4 4 2 2 2 4 4 4 4 4 4 2 2 2 2 2 2 2 2 2 2 6 6 6 2 2 2 2 2 2 2 2 2 2 6 6 6 4 4 2 2 2 4 4 4 4 4 4 4 7 7 7 7 1 1 1 1 1 0 0 1 1 1 1 6 5 5 5 5 5 5 5 5 5 5 5 5 5 5 6 2 2 2 2 2 2 4 4 4 4 4 4 4 4 4 4 4 4 2 2 2 2 2 2 2 2 2 2 2 2 2 6 6 6 2 2 3 2 2 2 2 2 3 2 6 6 6 2 2 2 2 2 4 4 4 2 4 4 4 7 7 7 7 1 1 1 1 1 0 0 1 1 1 1 6 5 5 5 5 5 5 5 5 5 5 5 5 5 5 6 2 2 2 2 2 2 4 4 4 2 2 2 4 4 4 4 4 4 2 2 2 2 2 2 2 2 2 2 2 2 2 6 6 6 2 2 2 2 2 2 2 2 2 2 6 6 6 2 2 2 2 2 4 4 4 2 4 4 4 7 7 7 7 1 1 1 1 1 0 0 1 1 1 1 6 5 5 5 5 5 5 5 5 5 5 5 5 5 5 6 2 2 2 2 2 2 4 4 4 2 2 2 4 4 4 2 4 4 4 2 2 2 2 2 2 2 2 2 2 2 2 6 6 6 2 2 2 2 2 2 2 2 2 2 6 6 6 2 2 2 2 2 4 4 4 2 2 1 1 7 7 7 7 1 1 1 1 1 0 0 1 1 1 1 6 5 5 5 5 5 5 5 5 5 5 5 5 5 5 6 2 2 2 2 2 2 2 2 4 4 4 2 2 2 2 2 4 4 4 2 2 2 2 2 2 2 2 2 2 2 2 6 6 6 6 6 6 6 6 6 6 6 6 6 6 6 6 2 2 2 2 2 2 2 2 2 2 1 1 7 7 7 7 1 1 1 1 1 0 0 1 1 1 1 6 5 5 5 5 5 5 5 5 5 5 5 5 5 5 6 6 6 6 6 6 6 6 2 4 4 4 4 4 2 2 4 4 4 4 2 2 2 2 2 2 2 2 2 2 2 2 6 6 6 6 6 6 6 6 6 6 6 6 6 6 6 6 2 2 2 2 2 2 2 2 2 4 4 4 4 7 7 7 1 1 1 1 1 0 0 1 1 1 1 6 5 5 5 5 5 5 5 5 5 5 5 5 5 5 5 5 5 5 5 5 5 6 2 4 4 4 4 4 2 2 4 4 4 4 4 4 4 4 4 4 4 4 4 2 2 2 6 6 6 6 6 6 6 6 6 6 6 6 6 6 6 6 2 2 2 2 2 2 2 2 2 4 4 4 4 7 7 7 1 1 1 1 1 0 0 1 1 1 1 6 5 5 5 5 5 5 5 5 5 5 5 5 5 5 5 5 5 5 5 5 5 6 4 4 2 4 4 4 2 2 4 4 4 4 4 4 4 4 4 4 4 4 4 2 2 2 2 2 2 2 2 2 2 2 2 2 2 2 2 2 2 2 2 2 2 2 2 2 2 2 4 4 4 4 4 7 7 7 1 1 1 1 1 0 0 1 1 1 7 6 5 5 5 5 5 5 5 5 5 5 5 5 5 5 5 5 5 5 5 5 5 6 4 4 4 4 4 4 2 2 2 2 4 4 4 4 4 4 4 4 4 4 4 2 2 2 2 2 2 2 2 2 2 2 2 2 2 2 2 2 2 2 2 2 2 2 2 2 2 2 4 4 4 7 7 7 7 7 1 1 1 1 1 0 0 1 1 7 7 6 5 5 5 5 5 5 5 5 5 5 5 5 5 5 5 5 5 5 5 5 5 6 4 4 4 4 4 4 2 2 2 2 2 2 2 2 2 2 2 2 2 2 2 2 2 2 2 2 2 2 2 2 2 2 2 2 2 2 2 2 2 2 2 2 2 2 2 2 2 4 4 4 4 7 7 7 7 1 1 1 1 1 1 0 0 1 1 7 7 6 5 5 5 5 5 5 5 5 5 5 5 5 5 5 5 5 5 5 5 5 5 6 4 4 4 2 4 4 4 2 4 4 4 4 4 2 2 2 2 2 2 2 2 2 2 2 2 2 2 2 2 2 2 2 2 2 2 2 2 2 2 2 2 2 2 2 2 2 2 4 4 4 7 7 7 7 1 1 1 1 1 1 1 0 0 1 1 7 7 6 5 5 5 5 5 5 5 5 5 5 5 5 5 5 5 5 5 5 5 5 5 6 4 2 2 2 4 4 4 2 4 4 4 4 4 2 2 2 2 2 2 2 2 2 2 2 2 2 2 2 2 2 2 2 2 2 2 2 2 2 2 2 2 4 4 4 2 2 2 4 4 4 7 7 7 1 1 1 1 1 1 1 1 0 0 1 1 7 7 6 6 6 6 6 6 6 6 6 6 6 6 6 6 6 6 6 6 6 6 6 6 6 4 2 2 2 4 4 4 2 4 4 4 4 4 2 2 2 2 2 2 2 2 2 2 2 2 2 2 2 2 2 2 2 2 2 2 2 2 2 2 2 2 4 4 4 4 4 4 7 7 7 7 7 1 1 1 1 1 1 1 1 1 0 0 1 1 7 7 7 7 7 7 7 7 7 2 2 2 2 2 2 2 2 2 2 2 2 2 2 2 2 2 2 2 2 2 2 2 2 2 2 2 2 2 2 2 2 2 2 2 2 2 2 2 2 2 2 2 2 2 2 2 2 2 2 2 2 2 4 4 4 2 4 4 4 4 4 4 7 7 7 7 1 1 1 1 1 1 1 1 1 1 0 0 1 1 1 7 7 7 7 7 7 7 7 7 7 4 4 4 4 4 4 2 4 4 4 2 2 2 4 4 4 4 4 2 2 2 2 2 2 2 2 2 2 2 2 2 2 2 2 2 2 2 2 2 2 2 2 2 2 2 4 4 4 4 4 4 4 4 4 2 2 2 2 4 4 4 7 7 7 7 1 1 1 1 1 1 1 1 1 1 0 0 1 1 1 1 7 7 7 7 7 7 7 7 7 4 4 4 4 4 4 2 4 4 4 2 2 2 4 4 4 4 4 4 4 2 2 2 2 2 2 2 2 2 2 2 2 2 2 2 4 4 4 4 4 4 4 4 4 2 4 4 4 4 4 4 4 4 4 2 2 2 7 4 4 4 7 7 7 1 1 1 1 1 1 1 1 1 1 1 0 0 1 1 1 1 1 1 7 7 7 7 7 7 7 4 4 4 4 4 4 7 4 4 4 4 4 4 4 4 4 4 4 4 4 2 2 2 2 2 2 2 2 2 2 2 2 2 2 2 4 4 4 4 4 4 4 4 4 2 4 4 4 4 4 4 4 4 7 7 7 7 7 4 4 4 7 7 7 1 1 1 1 1 1 1 1 1 1 1 0 0 1 1 1 1 1 1 1 1 7 7 7 7 7 7 7 7 7 7 7 7 7 7 2 4 4 4 4 4 4 4 4 4 4 2 2 2 2 2 2 4 4 4 2 2 2 2 2 2 4 4 4 4 4 4 4 4 4 7 4 4 4 7 7 7 7 7 7 7 7 7 7 7 7 7 7 1 1 1 1 1 1 1 1 1 1 1 1 1 0 0 1 1 1 1 1 1 1 1 1 1 1 7 7 7 7 7 7 7 7 7 7 7 7 4 4 4 4 4 4 2 4 4 4 2 4 4 4 4 4 4 4 4 2 2 2 2 7 7 7 7 7 7 7 7 7 7 7 7 7 7 7 7 7 7 7 7 7 7 7 7 7 7 7 7 7 1 1 1 1 1 1 1 1 1 1 1 1 1 0 0 1 1 1 1 1 1 1 1 1 1 1 1 1 1 7 7 7 7 7 7 7 7 7 7 7 7 4 4 4 2 4 4 4 2 4 4 4 4 4 4 4 4 7 7 7 7 7 7 7 7 7 7 7 7 7 7 7 7 7 7 7 7 7 7 7 7 7 7 7 7 7 7 1 1 1 1 1 1 1 1 1 1 1 1 1 1 1 1 0 0 1 1 1 1 1 1 1 1 1 1 1 1 1 1 1 1 1 1 7 7 7 7 7 7 7 7 7 7 7 7 2 2 2 2 4 4 4 4 4 4 7 7 7 7 7 7 7 7 7 7 7 7 7 7 7 7 7 7 7 7 7 7 7 7 1 1 1 1 1 1 1 1 1 1 1 1 1 1 1 1 1 1 1 1 1 1 1 1 0 0 1 1 1 1 1 1 1 1 1 1 1 1 1 1 1 1 1 1 1 1 7 7 7 7 7 7 7 7 7 7 7 7 7 7 7 7 7 7 7 7 7 7 7 7 7 7 7 7 7 7 7 7 1 1 1 1 1 1 1 1 1 1 1 1 1 1 1 1 1 1 1 1 1 1 1 1 1 1 1 1 1 1 1 1 1 1 1 1 0 0 1 1 1 1 1 1 1 1 1 1 1 1 1 1 1 1 1 1 1 1 1 1 1 7 7 7 7 7 7 7 7 7 7 7 7 7 7 7 7 7 7 7 7 7 7 7 7 7 1 1 1 1 1 1 1 1 1 1 1 1 1 1 1 1 1 1 1 1 1 1 1 1 1 1 1 1 1 1 1 1 1 1 1 1 1 1 1 1 0 0 1 1 1 1 1 1 1 1 1 1 1 1 1 1 1 1 1 1 1 1 1 1 1 1 1 1 7 7 7 7 7 7 7 7 7 7 7 7 7 7 7 7 7 7 7 1 1 1 1 1 1 1 1 1 1 1 1 1 1 1 1 1 1 1 1 1 1 1 1 1 1 1 1 1 1 1 1 1 1 1 1 1 1 1 1 1 1 1 0 0 1 1 1 1 1 1 1 1 1 1 1 1 1 1 1 1 1 1 1 1 1 1 1 1 1 1 1 1 1 7 7 7 7 7 7 7 7 7 7 1 1 1 1 1 1 1 1 1 1 1 1 1 1 1 1 1 1 1 1 1 1 1 1 1 1 1 1 1 1 1 1 1 1 1 1 1 1 1 1 1 1 1 1 1 1 1 1 1 0 0 1 1 1 1 1 1 1 1 1 1 1 1 1 1 1 1 1 1 1 1 1 1 1 1 1 1 1 1 1 1 1 1 1 1 1 1 1 1 1 1 1 1 1 1 1 1 1 1 1 1 1 1 1 1 1 1 1 1 1 1 1 1 1 1 1 1 1 1 1 1 1 1 1 1 1 1 1 1 1 1 1 1 1 1 1 1 1 1 0 0 1 1 1 1 1 1 1 1 1 1 1 1 1 1 1 1 1 1 1 1 1 1 1 1 1 1 1 1 1 1 1 1 1 1 1 1 1 1 1 1 1 1 1 1 1 1 1 1 1 1 1 1 1 1 1 1 1 1 1 1 1 1 1 1 1 1 1 1 1 1 1 1 1 1 1 1 1 1 1 1 1 1 1 1 1 1 1 1 0 0 0 0 0 0 0 0 0 0 0 0 0 0 0 0 0 0 0 0 0 0 0 0 0 0 0 0 0 0 0 0 0 0 0 0 0 0 0 0 0 0 0 0 0 0 0 0 0 0 0 0 0 0 0 0 0 0 0 0 0 0 0 0 0 0 0 0 0 0 0 0 0 0 0 0 0 0 0 0 0 0 0 0 0 0 0 0 0 0 0 
